9.567901492118835449e-03
1.033950597047805786e-02
1.046296302229166031e-02
1.033950597047805786e-02
1.030864194035530090e-02
1.027777791023254395e-02
1.033950597047805786e-02
1.046296302229166031e-02
1.052469108253717422e-02
1.037037000060081482e-02
1.052469108253717422e-02
1.012345682829618454e-02
1.052469108253717422e-02
1.052469108253717422e-02
1.049382705241441727e-02
1.040123496204614639e-02
1.012345682829618454e-02
1.049382705241441727e-02
1.033950597047805786e-02
1.049382705241441727e-02
