4.412615671753883362e-03
4.427083302289247513e-03
4.427083302289247513e-03
4.427083302289247513e-03
4.427083302289247513e-03
4.427083302289247513e-03
4.427083302289247513e-03
4.427083302289247513e-03
4.427083302289247513e-03
4.427083302289247513e-03
4.427083302289247513e-03
4.427083302289247513e-03
4.427083302289247513e-03
4.427083302289247513e-03
4.427083302289247513e-03
4.427083302289247513e-03
4.427083302289247513e-03
4.427083302289247513e-03
4.427083302289247513e-03
4.427083302289247513e-03
