2.737322735949247132e+01
3.383610609987819817e+00
3.378832130141004253e+00
3.377056376684318906e+00
3.376828841230383738e+00
3.374512766253340956e+00
3.376249656439931357e+00
3.374733985763870958e+00
3.371263362156847965e+00
3.372224371866495485e+00
3.369770916889387014e+00
3.369611418502474365e+00
3.368899574096280158e+00
3.366514832022841297e+00
3.363177376316377476e+00
3.365792920585307879e+00
3.366400080084524848e+00
3.364240263436955480e+00
3.362617339931980531e+00
3.365525709403057952e+00
